position:      -0.707222 -0.706728 -0.0192951
orientation:   0.980822 0.0158273 -0.137823 0.136907
field_of_view: 0.471089
