position:      -0.707071 -0.706798 -0.0220744
orientation:   0.974764 0.0144052 -0.158192 0.156856
field_of_view: 0.471089
