position:      -0.707172 -0.706752 -0.020221
orientation:   0.97889 0.015355 -0.144638 0.143594
field_of_view: 0.471089
