position:      -0.703712 -0.710245 -0.018462
orientation:   0.982506 0.0164483 -0.130901 0.13144
field_of_view: 0.471089
