position:      -0.447666 -0.893899 -0.0232359
orientation:   0.973392 0.0286399 -0.113329 0.197088
field_of_view: 0.471089
