position:      -0.707712 -0.706262 -0.0183814
orientation:   0.982088 0.022661 -0.132042 0.132497
field_of_view: 0.560823
