position:      -0.768321 -0.639754 -0.0199556
orientation:   0.980039 0.0119865 -0.1413 0.139335
field_of_view: 0.39479
