position:      -0.706683 -0.707292 -0.0183852
orientation:   0.982134 0.00818726 -0.133725 0.13215
field_of_view: 0.471089
