position:      -1.47263 -0.264443 -2.20842
orientation:   0.989784 0.00628862 -0.141916 -0.0121412
field_of_view: 0.471089
