position:      -4.69233 -1.51526 -0.496069
orientation:   0.834213 -0.0319736 -0.531931 0.141829
field_of_view: 0.471089
