position:      -1.05116 -0.830228 -0.652359
orientation:   0.982474 0.00811865 -0.148805 0.111966
field_of_view: 0.471089
