position:      -0.707271 -0.706704 -0.0183699
orientation:   0.982663 0.0162976 -0.130993 0.13019
field_of_view: 0.471089
